% -------------------------------------------------------------------
%  Generated by MATLAB on 4-Feb-2018 20:36:45
%  MATLAB version: 9.3.0.713579 (R2017b)
% -------------------------------------------------------------------
                                  

sigma = 10;

